5000
575
27600
3333
4125
6126
2063
10500
288825
3920
858
114644
57316
11500
526
4255
840
3278
5750
20532
196
10100
210
50
8.25
89.5
826.21
10
50.5
2.97
1
5
60
50
125
50
50
10
100.03
14.76
55
3
90
150
190
60
50
1
100
14
165.15
5
70
106.93
50
5.19
80
80
2
213.44
50
5
100
10
9
20
5.28
1741.94
150
700
100
20.95
16.51
100
2.4
100
200
50
5
30
50.28
50
57.88
50
100
810
15
9.02
131.26
100
100
73
5
100
105
50
82.88
51.01
209.78
2
70
1.5
18.85
50
10
50
100
34.56
10.01
50
50
10
102.89
149.21
17.82
75
583.51
10
9.02
1000
100
50
181.6
100
28.03
51.45
60
13.19
150
26.75
7.5
100
60.3
38
60
10
10
8.92
50
60
200
80.61
8.4
50
47.5
30
8.2
1
20
50
134
50
110
5
50
5
50
10
25
100
90
9.02
50
10
25.05
50
10
5.7
125
10
1000
50
45.11
17.82
620.2
28.52
12
54.13
1.05
50
100
10
251
301
84
286
57
5525
150
30
570
60
110
1140
80
300
340
75
75
35
250
250
75
290
75
540
90
250
75
225
180
15
185
70
1175
125
260
300
250
35
35
30
75
60
75
865
675
500
150
325
880
265
180
75
1215
345
135
225
115
150
1545
520
75
150
910
150
150
325
120
75
75
380
150
150
150
215
455
230
380
75
690
605
120
150
75
270
300
1415
1060
285
225
290
385
75
335
585
30
390
735
450
75
75
150
150
200
135
125
60
500
325
75
125
15
45
150
925
75
915
150
75
1130
810
390
675
150
250
75
225
835
525
120
50
125
100
90
510
250
15
75
235
30
1050
105
350
150
415
250
585
325
15
805
60
475
250
325
150
325
835
150
90
250
660
75
15
795
150
120
75
155
1000
150
75
555
500
75
150
200
75
75
1140
150
385
455
325
75
50
225
112
680
150
450
75
75
175
45
125
400
75
75
150
225
75
175
225
619
1460
150
810
900
80
200
565
120
260
150
60
585
455
150
75
400
325
35
225
1225
75
660
585
150
75
912
970
185
430
100
75
400
715
75
190
250
45
140
150
180
150
300
310
300
325
180
60
1020
820
120
150
400
590
1085
15
1595
250
415
300
860
415
300
30
295
210
1285
45
340
230
250
380
240
75
865
515
220
75
90
30
60
30
335
45
100
150
75
75
250
120
750
110
325
150
835
30
265
245
150
100
375
1935
90
160
75
390
75
15
1125
690
125
585
555
625
95
250
870
275
300
60
1445
305
305
30
250
105
325
145
150
1100
150
75
705
545
90
1012
295
1607
30
30
125
300
150
250
362
75
75
735
60
75
75
30
250
50
340
335
690
75
75
95
335
75
585
225
150
100
1120
225
305
125
305
75
100
75
250
120
805
100
280
225
735
620
110
125
75
500
15
150
1467
335
75
915
165
185
30
150
150
275
1105
220
150
330
1075
75
325
465
75
150
140
815
160
150
325
125
790
155
1300
595
430
735
125
105
110
400
75
200
460
1695
440
780
75
565
75
550
795
30
675
725
150
50
75
150
735
35
430
235
30
295
155
240
75
150
105
30
15
50
335
325
65
155
400
317
570
410
90
250
150
165
50
110
585
660
225
250
75
30
555
875
495
75
477
400
680
400
300
210
160
185
235
250
590
370
30
765
525
410
250
1570
1185
75
150
325
500
300
75
45
410
400
955
190
75
190
2140
1095
515
75
75
2040
225
200
325
150
35
180
75
170
170
250
75
735
585
75
90
1360
150
150
75
150
225
580
75
150
75
250
340
50
75
30
225
75
490
120
305
75
615
1140
300
310
75
45
50
150
1320
30
75
305
840
300
30
75
225
75
60
445
715
35
360
585
1020
950
75
590
250
225
60
75
640
415
660
75
150
270
417
170
75
150
585
875
805
200
75
150
805
250
200
455
185
75
850
75
220
250
75
150
1430
90
1620
75
60
740
870
805
30
185
60
1060
75
660
50
150
75
200
585
75
680
180
45
125
75
225
45
75
175
1295
805
365
80
75
75
450
660
1025
1180
90
470
525
60
595
650
985
75
752
75
225
150
440
340
1085
245
60
805
75
30
342
125
150
440
175
400
190
225
35
150
305
150
165
75
75
225
325
125
280
400
150
50
200
75
220
60
400
150
735
415
225
150
75
370
480
1605
75
75
150
280
335
250
180
805
325
65
150
150
730
365
810
150
480
585
65
1080
275
660
1890
400
610
75
45
60
50
75
75
250
100
670
325
75
515
75
30
735
75
225
60
425
35
220
585
440
695
475
135
150
275
160
365
325
75
15
675
490
95
30
75
390
150
1360
325
410
420
150
155
415
1075
250
295
190
60
360
75
75
325
250
435
125
75
240
715
1040
150
75
490
210
160
75
200
132
250
75
260
215
60
835
860
75
185
235
280
1350
75
150
150
115
195
800
75
295
450
150
15
175
735
200
385
270
110
75
45
180
805
585
300
275
315
185
240
555
30
800
35
285
75
630
90
750
75
225
585
835
410
65
45
415
555
115
330
100
150
290
445
580
645
615
30
75
75
60
1030
150
225
805
325
75
725
75
230
150
1695
75
225
250
950
150
735
480
805
340
555
500
325
150
590
360
125
975
150
320
75
15
35
250
325
190
15
995
250
325
75
225
125
165
1965
300
35
375
75
735
75
1510
595
1540
30
585
250
30
640
150
580
555
290
817
90
200
75
255
120
225
210
15
225
310
460
180
75
230
1380
30
335
100
75
690
75
250
340
15
340
220
400
250
340
1060
75
75
485
235
630
317
150
690
120
105
75
15
315
150
285
75
125
125
665
40
65
205
910
825
15
15
580
50
225
75
15
100
35
250
125
830
590
150
450
60
15
1315
60
80
85
150
225
75
150
975
555
660
150
15
75
130
140
150
180
75
45
75
1060
75
300
150
150
340
95
30
555
730
585
145
520
50
340
990
125
190
50
75
75
1135
150
400
255
75
75
75
225
250
525
150
660
1265
1250
1100
600
95
400
75
150
85
210
75
105
15
335
300
75
225
490
75
815
50
75
210
280
110
675
150
435
635
75
320
375
500
75
480
840
75
890
335
75
75
50
75
225
95
150
150
150
2020
75
75
112
75
75
500
125
585
165
250
610
75
425
325
625
475
340
1110
150
90
450
270
320
347
360
35
200
165
150
510
75
125
115
150
555
75
115
95
505
420
15
420
50
295
330
645
150
35
635
45
15
160
50
290
110
400
60
75
125
125
400
600
735
1175
950
75
225
740
75
455
75
110
440
600
280
75
400
220
35
75
150
995
120
225
385
65
275
75
600
525
660
30
150
835
30
60
430
75
75
75
1110
75
225
310
1545
660
150
250
90
480
275
105
130
150
1055
75
190
35
150
90
150
75
130
1020
75
400
660
15
30
225
212
1245
685
60
45
75
150
305
325
670
150
400
850
3000
800
600
1000
1000
1000
60000
200
200
800
4850
2500
1500
6500
2250
1750
2000
2250
1750
3250
1500
2500
1750
5000
2500
6000
2000
1000
2250
50
50
50
50
50
50
50
50
50
50
50
50
50
50
50
50
50
50
50
50
50
50
50
50
50
50
50
50
50
50
50
50
50
50
50
50
50
50
50
50
50
50
50
50
50
50
50
50
50
50
50
50
50
50
50
50
50
50
50
50
50
50
50
50
50
50
50
50
50
50
50
50
50
50
50
50
50
50
50
50
50
50
50
50
50
50
50
50
50
50
50
50
50
50
50
50
50
50
50
50
50
50
50
50
50
50
50
50
50
50
50
50
50
50
50
50
50
50
50
50
50
50
50
50
50
50
50
50
50
50
50
50
50
50
50
50
50
50
50
50
50
50
50
50
50
50
50
50
50
50
50
50
50
50
50
50
50
50
50
50
50
50
50
50
50
50
50
50
50
50
50
50
50
50
50
50
50
50
50
50
50
50
50
50
50
50
50
50
50
50
50
50
50
50
50
50
50
50
50
50
50
50
50
50
50
50
50
50
50
50
50
50
50
50
50
50
50
50
50
50
50
50
50
50
50
50
50
50
50
50
50
50
50
50
50
50
50
50
50
50
50
50
50
50
50
50
50
50
50
50
50
50
50
50
50
50
50
50
50
50
50
50
50
50
50
50
50
50
50
50
50
50
50
50
50
50
50
50
50
50
50
50
50
50
50
50
50
50
50
50
50
50
50
50
50
50
50
50
50
50
50
50
50
50
50
50
50
50
50
50
50
50
50
50
50
50
50
50
50
50
50
50
50
50
50
50
50
50
50
50
50
50
50
50
50
50
50
50
50
50
50
50
50
50
50
50
50
50
50
50
50
50
50
50
50
50
50
50
50
50
50
50
50
50
50
50
50
50
50
50
50
50
50
50
50
50
50
50
50
50
50
50
50
50
50
50
50
50
50
50
50
50
50
50
50
50
50
50
50
50
50
50
50
50
50
50
50
50
50
50
50
50
50
50
50
50
50
50
50
50
50
50
50
50
50
50
50
50
50
50
50
50
50
50
50
50
50
50
50
50
50
50
50
50
50
50
50
50
50
50
50
50
50
50
50
50
50
50
50
50
50
50
50
50
50
50
50
50
50
50
50
50
50
50
50
50
50
50
50
50
50
50
50
50
50
50
50
50
50
50
50
50
50
50
50
50
50
50
50
50
50
50
50
50
50
50
50
50
50
50
50
50
50
50
50
50
50
50
50
50
50
50
50
50
50
50
50
50
50
50
50
50
50
50
50
50
50
50
50
50
50
50
50
50
50
50
50
50
50
50
50
50
50
50
50
50
50
50
50
50
50
50
50
50
50
50
50
50
50
50
50
50
50
50
50
50
50
50
50
50
50
50
50
50
50
50
50
50
50
50
50
50
50
50
50
50
50
50
50
50
50
50
50
50
50
50
50
50
50
50
50
50
50
50
50
50
50
50
50
50
50
50
50
50
50
50
50
50
50
50
50
50
50
50
50
50
50
50
50
50
50
50
50
50
50
50
50
50
50
50
50
50
50
50
50
50
50
50
50
50
50
50
50
50
50
50
50
50
50
50
50
50
50
50
50
50
50
50
50
50
50
50
50
50
50
50
50
50
50
50
50
50
50
50
50
50
50
50
50
50
50
50
50
50
50
50
50
50
50
50
50
50
50
50
50
50
50
50
50
50
50
50
50
50
50
50
50
50
50
50
50
50
50
50
50
50
50
50
50
50
50
50
50
50
50
50
50
50
50
50
50
50
50
50
50
50
50
50
50
50
50
50
50
50
50
50
50
50
50
50
50
50
50
50
50
50
50
50
50
50
50
50
50
50
50
50
50
50
50
50
50
50
50
50
50
50
50
50
50
50
50
50
50
50
50
50
50
50
50
50
50
50
50
50
50
50
50
50
50
50
50
50
50
50
50
50
50
50
50
50
50
50
50
50
50
50
50
50
50
50
50
50
50
50
50
50
50
50
50
50
50
50
50
50
50
50
50
50
50
50
50
50
50
50
50
50
50
50
50
50
50
50
50
50
50
50
50
50
50
50
50
50
50
50
50
50
50
50
50
50
50
50
50
50
50
50
50
50
50
50
50
50
50
50
50
50
50
50
50
50
50
50
50
50
50
50
50
50
50
50
50
50
50
50
50
50
50
50
50
50
50
50
50
50
50
50
50
50
50
50
50
50
50
50
50
50
50
50
50
50
50
50
50
50
50
50
50
50
50
50
50
50
50
50
50
50
50
50
50
50
50
50
50
50
50
50
50
50
50
50
50
50
50
50
50
50
50
50
50
50
50
50
50
50
50
50
50
50
50
50
50
50
50
50
50
50
50
50
50
50
50
50
50
50
50
50
50
50
50
50
50
50
50
50
50
50
50
50
50
50
50
50
50
50
50
50
50
50
50
50
50
50
50
50
50
50
50
50
50
50
50
50
50
50
50
50
50
50
50
50
50
50
50
50
50
50
50
50
50
50
50
50
50
50
50
50
50
50
50
50
50
50
50
50
50
50
50
50
50
50
50
50
50
50
50
50
50
50
50
50
50
50
50
50
50
50
50
50
50
50
50
50
50
50
50
50
50
50
50
50
50
50
50
50
50
50
50
50
50
50
50
50
50
50
50
50
50
50
50
50
50
50
50
50
50
50
50
50
50
50
50
50
50
50
50
50
50
50
50
50
50
50
50
50
50
50
50
50
50
50
50
50
50
50
50
50
50
50
50
50
50
50
50
50
50
50
50
50
50
50
50
50
50
50
50
50
50
50
50
50
50
50
50
50
50
50
50
50
50
50
50
50
50
50
50
50
50
50
50
50
50
50
50
50
50
50
50
50
50
50
50
50
50
50
50
50
50
50
50
50
50
50
50
50
50
50
50
50
50
50
50
50
50
50
50
50
50
50
50
50
50
50
50
50
50
50
50
50
50
50
50
50
50
50
50
50
50
50
50
50
50
50
50
50
50
50
50
50
50
50
50
50
50
50
50
50
50
50
50
50
50
50
50
50
50
50
50
50
50
50
50
50
50
50
50
50
50
50
50
50
50
50
50
50
50
50
50
50
50
50
50
50
50
50
50
50
50
50
50
50
50
50
50
50
50
50
50
50
50
50
50
50
50
50
50
50
50
50
50
50
50
50
50
50
50
50
50
50
50
50
50
50
50
50
50
50
50
50
50
50
50
50
50
50
50
50
50
50
50
50
50
50
50
50
50
50
50
50
50
50
50
50
50
50
50
50
50
50
50
50
50
50
50
50
50
50
50
50
50
50
50
50
50
50
50
50
50
50
50
50
50
50
50
50
50
50
50
50
50
50
50
50
50
50
50
50
50
50
50
50
50
50
50
50
50
50
50
50
50
50
50
50
50
50
50
50
50
50
50
50
50
50
50
50
50
50
50
50
50
50
50
50
50
50
50
50
50
50
50
50
50
50
50
50
50
50
50
50
50
50
50
50
50
50
50
50
50
50
50
50
50
50
50
50
50
50
50
50
50
50
50
50
50
50
50
50
50
50
50
50
50
50
50
50
50
50
50
50
50
50
50
50
50
50
50
50
50
50
50
50
50
50
50
50
50
50
50
50
50
50
50
50
50
50
50
50
50
50
50
50
50
50
50
50
50
50
50
50
50
50
50
50
50
50
50
50
50
50
50
50
50
50
50
50
50
50
50
50
50
50
50
50
50
50
50
50
50
50
50
50
50
50
50
50
50
50
50
50
50
50
50
50
50
50
50
50
50
50
50
50
50
50
50
50
50
50
50
50
50
50
50
50
50
50
50
50
50
50
50
50
50
50
50
50
50
50
50
50
50
50
50
50
50
50
50
50
50
50
50
50
50
50
50
50
50
50
50
50
50
50
50
50
50
50
50
50
50
50
50
50
50
50
50
50
50
50
50
50
50
50
50
50
50
50
50
50
50
50
50
50
50
50
50
50
50
50
50
50
50
50
50
50
50
50
50
50
50
50
50
50
50
50
50
50
50
50
50
50
50
50
50
50
50
50
50
50
50
50
50
50
50
50
50
50
50
50
50
50
50
50
50
50
50
50
50
50
50
50
50
50
50
50
50
50
50
50
50
50
50
50
50
50
50
50
50
50
50
50
50
50
50
50
50
50
50
50
50
50
50
50
50
50
50
50
50
50
50
50
50
50
50
50
50
50
50
50
50
50
50
50
50
50
50
50
50
50
50
50
50
50
50
50
50
50
50
50
50
50
50
50
50
50
50
50
50
50
50
50
50
50
50
50
50
50
50
50
50
50
50
50
50
50
50
50
50
50
50
50
50
50
50
50
50
50
50
50
50
50
50
50
50
50
50
50
50
50
50
50
50
50
50
50
50
50
50
50
50
50
50
50
50
50
50
50
50
50
50
50
50
50
50
50
50
50
50
50
50
50
50
50
50
50
50
50
50
50
50
50
50
50
50
50
50
50
50
50
50
50
50
50
50
50
50
50
50
50
50
50
50
50
50
50
50
50
50
50
50
50
50
50
50
50
50
50
50
50
50
50
50
50
50
50
50
50
50
50
50
50
50
50
50
50
50
50
50
50
50
50
50
50
50
50
50
50
50
50
50
50
50
50
50
50
50
50
50
50
50
50
50
50
50
50
50
50
50
50
50
50
50
50
50
50
50
50
50
50
50
50
50
50
50
50
50
50
50
50
50
50
50
50
50
50
50
50
50
50
50
50
50
50
50
50
50
50
50
50
50
50
50
50
50
50
50
50
50
50
50
50
50
50
50
50
50
50
50
50
50
50
50
50
50
50
50
50
50
50
50
50
50
50
50
50
50
50
50
50
50
50
50
50
50
50
50
50
50
50
50
50
50
50
50
50
50
50
50
50
50
50
50
50
50
50
50
50
50
50
50
50
50
50
50
50
50
50
50
50
50
50
50
50
50
50
50
50
50
50
50
50
50
50
50
50
50
50
50
50
50
50
50
50
50
50
50
50
50
50
50
50
50
50
50
50
50
50
50
50
50
50
50
50
50
50
50
50
50
50
50
50
50
50
50
50
50
50
50
50
50
50
50
50
50
50
50
50
50
50
50
50
50
50
50
50
50
50
50
50
50
50
50
50
50
50
50
50
50
50
50
50
50
50
50
50
50
50
50
50
50
50
50
50
50
50
50
50
50
50
50
50
50
50
50
50
50
50
50
50
50
50
50
50
50
50
50
50
50
50
50
50
50
50
50
50
50
50
50
50
50
50
50
50
50
50
50
50
50
50
50
50
50
50
50
50
50
50
50
50
50
50
50
50
50
50
50
50
50
50
50
50
50
50
50
50
50
50
50
50
50
50
50
50
50
50
50
50
50
50
50
50
50
50
50
50
50
50
50
50
50
50
50
50
50
50
50
50
50
50
50
50
50
50
50
50
50
50
50
50
50
50
50
50
50
50
50
50
50
50
50
50
50
50
50
50
50
50
50
50
50
50
50
50
50
50
50
50
50
50
50
50
50
50
50
50
50
50
50
50
50
50
50
50
50
50
50
50
50
50
50
50
50
50
50
50
50
50
50
50
50
50
50
50
50
50
50
50
50
50
50
50
50
50
50
50
50
50
50
50
50
50
50
50
50
50
50
50
50
50
50
50
50
50
50
50
50
50
50
50
50
50
50
50
50
50
50
50
50
50
50
50
50
50
50
50
50
50
50
50
50
50
50
50
50
50
50
50
50
50
50
50
50
50
50
50
50
50
50
50
50
50
50
50
50
50
50
50
50
50
50
50
50
50
50
50
50
50
50
50
50
50
50
50
50
50
50
50
50
50
50
50
50
50
50
50
50
50
50
50
50
50
50
50
50
50
50
50
50
50
50
50
50
50
50
50
50
50
50
50
50
50
50
50
50
50
50
50
50
50
50
50
50
50
50
50
50
50
50
50
50
50
50
50
50
50
50
50
50
50
50
50
50
50
50
50
50
50
50
50
50
50
50
50
50
50
50
50
50
50
50
50
50
50
50
50
50
50
50
50
50
50
50
50
50
50
50
50
50
50
50
50
50
50
50
50
50
50
50
50
50
50
50
50
50
50
50
50
50
50
50
50
50
50
50
50
50
50
50
50
50
50
50
50
50
50
50
50
50
50
50
50
50
50
50
50
50
50
50
50
50
50
50
50
50
50
50
50
50
50
50
50
50
50
50
50
50
50
50
50
50
50
50
50
50
50
50
50
50
50
50
50
50
50
50
50
50
50
50
50
50
50
50
50
50
50
50
50
50
50
50
50
50
50
50
50
50
50
50
50
50
50
50
350
100
130
200
150
530
40
60
400
380
180
300
330
90
120
150
120
120
150
150
120
100
200
30
200
120
125
50
200
120
80
1250
220
400
1800
400
200
150
200
150
350
200
1720
350
50
30
400
80
200
120
230
40
120
120
150
250
220
120
40
150
80
1000
40
655
100
100
440
70
125
50
20
200
200
150
200
150
150
120
250
40
300
200
90
70
100
120
50
200
250
125
240
30
300
50
200
300
250
250
200
150
200
850
550
250
100
120
80
400
350
30
200
300
480
40
120
40
730
200
30
500
30
120
200
30
50
900
180
150
600
400
300
190
700
120
600
130
300
600
325
120
50
120
950
50
150
30
50
30
30
200
120
440
450
60
120
850
250
30
50
140
120
450
200
120
40
290
30
60
450
70
750
120
120
270
500
70
120
120
50
120
180
260
400
290
250
470
320
110
250
40
100
100
400
200
380
200
300
200
200
30
200
280
70
50
800
1250
30
500
30
50
450
30
120
120
500
150
120
70
30
150
120
420
200
130
470
150
125
200
200
40
120
200
100
120
60
300
450
160
180
120
500
120
210
750
150
500
50
30
2250
100
50
200
200
30
500
200
150
120
420
400
180
300
550
150
200
200
30
650
100
30
300
500
30
200
620
80
180
950
1570
150
2675
1480
875
1995
350
2600
2210
950
950
950
3225
25
1245
650
150
1460
50
50
150
150
2115
1440
3085
2285
2225
2625
2105
2115
2125
2125
575
525
1830
650
50
225
1790
750
1145
775
825
2160
990
1570
2210
1115
425
1225
100
1125
100
1000
100
200
2100
1360
1200
50
1540
1830
100
2575
150
1050
50
1700
130
2595
400
2100
100
1050
1350
2280
3125
860
2280
500
890
1785
1910
700
1210
50
200
630
1785
600
600
450
450
325
460
1720
940
500
610
1350
500
1390
200
100
790
1100
1280
350
500
100
550
970
2125
290
500
350
200
200
400
150
1895
830
500
400
400
400
400
1100
1190
200
600
100
1100
1320
440
100
1150
440
990
620
990
1035
550
1065
300
260
760
200
200
620
760
970
870
500
600
1275
560
200
200
200
300
100
100
100
480
660
200
500
740
450
600
700
690
540
100
200
200
200
530
600
50
250
290
500
720
290
350
200
800
720
1070
505
1420
360
1170
240
1110
1170
360
890
660
