114644
57316
11500
526
200
50.28
581.51
50
110
495
1102
20
290
330
75
25
75
240
510
90
249
46
75
15
1125
120
210
240
225
25
50
765
665
393
25
315
215
75
345
123
10
100
1395
510
150
93
325
45
75
320
40
70
215
115
105
305
40
440
355
45
75
210
1165
935
60
45
275
200
5
335
460
30
90
735
365
40
45
75
90
125
125
350
530
690
1005
660
525
250
100
835
145
100
280
850
30
80
150
585
100
15
805
140
295
835
75
15
100
660
75
670
90
80
875
135
30
405
500
75
1140
305
75
560
100
325
75
45
110
45
150
120
75
25
225
369
1020
795
95
20
315
110
585
365
325
280
35
225
1055
505
207
470
110
355
640
190
100
150
180
150
75
310
300
175
945
645
75
25
400
515
960
1280
175
240
300
860
150
130
1035
220
100
320
715
515
55
335
75
75
65
650
35
325
760
15
200
10
375
1735
65
15
55
125
585
155
35
95
235
25
60
1445
5
100
820
465
470
497
75
1532
30
65
270
205
262
735
60
75
335
375
335
585
65
75
1045
210
305
100
805
165
735
315
95
395
5
1317
840
1000
190
25
30
925
390
75
80
740
85
120
75
450
610
520
355
640
30
175
100
1470
135
655
490
475
545
675
725
735
355
15
145
185
250
570
335
25
15
585
660
125
555
65
75
352
400
570
515
165
525
315
250
795
1035
25
75
125
265
380
105
800
190
75
190
1985
500
25
1665
160
45
20
250
75
735
585
1035
75
120
505
75
40
75
275
90
730
50
820
260
430
150
75
285
585
795
700
440
215
45
470
165
660
195
327
75
585
725
805
730
405
60
45
625
130
75
75
765
1320
660
820
805
155
755
75
660
20
75
125
585
145
75
1020
745
290
80
300
660
755
763
395
375
385
602
150
155
350
805
142
60
115
195
35
75
25
200
100
355
25
30
145
735
335
150
75
375
220
805
150
290
25
420
585
1050
660
1690
405
60
50
40
100
520
160
440
735
325
145
585
380
295
325
50
140
600
140
555
145
155
50
135
100
75
125
180
915
75
390
210
57
220
185
215
835
800
150
15
280
910
15
115
590
375
85
640
170
310
805
585
95
365
440
210
380
575
75
835
260
155
395
40
130
150
215
185
365
225
750
150
225
805
175
530
155
1195
75
210
165
735
210
695
215
510
320
290
85
790
200
245
175
50
225
100
1870
375
735
1170
150
960
220
565
90
405
65
12
125
180
75
60
75
385
540
250
215
190
400
250
305
1060
485
380
75
465
280
285
50
35
610
795
15
580
225
250
5
605
380
135
450
1085
120
75
185
555
660
140
575
555
715
270
145
235
215
865
150
260
135
335
25
225
100
535
435
660
950
100
35
335
90
5
125
185
340
60
740
75
60
100
35
630
25
560
170
375
160
450
235
305
335
75
25
175
20
75
1570
250
435
230
225
400
190
1025
15
295
47
235
90
460
150
555
115
430
100
570
560
110
215
305
75
275
525
735
1100
825
100
155
110
15
225
60
220
35
150
710
225
25
30
75
450
525
660
35
835
315
1095
175
15
1155
660
250
435
260
80
895
130
25
130
325
660
225
87
1085
245
60
305
65
545
150
465
2905
495
495
400
475
340
59970
50
770
4790
2020
1425
6425
1525
1925
2025
1330
1070
1500
2350
1500
4735
2020
5230
1760
870
2100
50
5
50
50
50
50
50
50
50
50
50
50
50
50
50
50
50
50
50
50
50
50
50
50
50
50
50
50
49
50
50
50
50
50
50
50
50
50
50
50
50
50
50
50
50
50
50
50
50
50
50
50
50
50
50
50
50
50
50
50
50
50
50
50
50
50
50
50
50
50
50
50
50
50
50
50
50
50
50
50
50
50
50
50
50
50
50
50
50
50
50
50
50
50
50
50
50
50
50
50
50
50
50
50
50
50
50
50
50
50
50
50
50
50
50
50
50
50
50
50
50
50
50
50
50
50
50
50
50
50
50
50
50
50
50
50
50
50
50
50
50
50
50
50
50
50
50
50
50
50
50
50
50
50
50
50
50
50
50
50
50
50
50
50
50
50
50
50
50
50
50
50
50
50
50
50
50
50
50
50
50
50
50
50
50
50
50
50
50
50
50
50
50
50
50
50
50
50
50
50
50
50
50
50
35
50
50
50
50
50
50
50
50
50
50
50
50
50
50
50
50
50
50
50
50
50
50
50
50
50
50
50
50
50
50
50
50
50
50
50
50
50
50
50
50
50
50
50
50
50
50
50
50
50
50
50
50
50
50
50
50
50
50
50
50
50
50
50
50
50
50
50
50
50
50
50
50
50
50
50
50
50
50
50
50
50
50
50
50
50
50
50
50
50
50
50
50
50
50
50
50
50
50
50
50
50
50
50
50
50
50
50
50
50
50
50
50
50
50
50
50
50
50
50
50
50
50
50
50
50
50
50
50
50
50
50
50
50
50
50
50
50
50
50
50
50
50
50
50
50
50
50
50
50
50
50
50
50
50
50
50
50
50
50
50
50
50
50
50
50
50
50
50
50
50
50
50
50
50
50
50
50
50
50
50
50
50
50
50
50
50
50
50
50
50
50
50
50
50
50
50
50
50
50
50
50
50
50
50
50
50
50
50
50
50
50
50
50
50
50
50
50
50
50
50
50
50
50
50
50
50
50
50
50
50
50
50
50
50
50
50
50
50
50
50
50
50
50
50
50
50
50
50
50
50
50
50
50
50
50
50
50
50
50
50
50
50
50
50
50
50
50
50
50
50
50
50
50
50
50
50
50
50
50
50
50
50
50
50
50
50
50
50
50
50
50
50
50
50
50
50
50
50
50
50
50
50
50
50
50
50
50
50
50
50
50
50
50
50
50
50
50
50
50
50
50
50
50
50
50
50
50
50
50
50
50
50
50
50
50
50
50
50
50
50
50
50
50
50
50
50
50
50
50
50
50
50
50
50
50
50
50
50
50
50
50
50
50
50
50
50
50
50
50
50
50
50
50
50
50
50
50
50
50
50
50
50
50
50
50
50
50
50
50
50
50
50
50
50
50
50
50
50
50
50
50
50
50
50
50
50
50
50
50
50
50
50
5
50
50
50
50
50
50
50
50
50
50
50
50
50
50
50
50
50
50
50
50
50
50
50
50
50
50
50
50
50
50
50
50
50
50
50
50
50
50
50
50
50
50
50
50
50
50
50
50
50
50
50
50
50
50
50
50
50
50
50
50
50
50
50
50
50
50
50
50
50
50
50
50
50
50
50
50
50
50
50
50
50
50
50
50
50
50
50
50
50
50
50
50
50
50
50
50
50
50
50
50
50
50
50
50
50
50
50
50
50
50
50
50
50
50
50
50
50
50
50
50
50
50
50
50
50
50
50
50
50
50
50
50
50
50
50
50
50
50
50
50
50
50
50
50
50
50
50
50
50
50
50
50
50
50
50
50
50
50
50
12
50
50
50
50
50
50
50
50
50
50
50
50
50
50
50
50
50
50
50
50
50
50
50
50
50
50
50
50
50
50
50
50
50
50
50
50
50
50
50
50
50
50
50
50
50
50
50
50
50
50
50
50
50
50
20
50
50
50
50
50
50
50
50
50
50
50
50
50
50
50
50
50
50
50
50
50
50
50
50
50
50
50
50
50
50
50
50
50
50
50
50
50
50
50
35
50
50
50
50
50
50
50
50
50
50
50
50
50
50
50
50
50
50
50
50
50
50
50
50
50
50
50
50
50
50
50
50
50
50
50
50
50
50
50
50
50
50
50
50
50
50
50
50
50
50
50
40
50
50
50
50
50
50
50
50
50
50
50
50
50
50
50
50
50
35
50
50
50
50
50
35
50
50
50
50
50
50
50
50
50
50
50
50
50
50
50
50
50
50
50
50
50
50
50
50
50
50
50
50
50
50
50
50
50
50
50
50
50
50
50
50
50
50
50
50
5
50
50
50
50
50
50
50
50
50
50
50
50
50
50
50
50
50
50
50
50
50
50
50
50
50
50
50
50
50
50
50
50
50
50
50
50
50
50
50
50
50
50
50
50
50
50
50
50
20
50
50
50
50
50
50
50
50
50
50
50
50
50
50
50
50
50
50
50
50
50
50
50
50
50
50
50
50
50
50
50
50
50
50
15
50
15
50
50
50
20
50
50
50
50
50
50
50
50
50
50
50
50
50
50
50
50
50
50
50
50
50
50
50
50
50
50
50
50
50
50
50
50
50
50
50
50
50
15
50
50
50
50
50
50
50
50
50
50
5
50
40
15
50
50
50
50
50
50
50
50
50
50
20
50
50
50
50
50
50
50
40
50
50
50
50
50
50
50
50
50
50
50
50
50
50
50
50
50
50
50
50
50
50
50
50
50
50
50
50
50
50
50
50
50
50
50
50
50
50
50
50
50
50
50
50
50
50
50
50
50
50
50
50
50
50
50
50
50
50
50
50
50
50
50
50
50
50
50
50
50
50
50
50
50
50
50
50
50
50
50
50
50
50
50
50
50
50
50
50
50
50
50
50
50
50
50
50
50
50
50
50
50
50
50
50
50
50
350
100
130
200
150
530
40
60
400
380
150
300
280
90
70
150
120
45
150
100
200
30
120
50
150
80
865
220
250
1725
400
200
150
200
150
350
95
1720
350
50
30
325
80
200
120
230
40
150
250
220
40
150
80
1000
40
655
100
50
70
25
50
20
200
125
150
200
150
150
250
40
300
200
70
100
120
50
200
250
125
240
30
300
50
200
200
250
250
200
150
800
550
250
100
120
80
350
350
30
200
300
480
10
120
200
30
465
200
30
50
900
180
150
600
400
115
700
120
600
130
600
175
120
50
950
30
50
30
30
200
120
450
60
120
850
30
50
245
200
120
40
290
30
450
70
750
120
350
70
120
50
120
180
260
400
215
250
470
320
35
200
100
100
350
380
300
200
200
70
50
800
1025
30
500
30
30
500
115
70
30
150
120
420
200
40
470
150
110
200
200
40
200
100
60
235
180
70
375
120
210
750
150
500
50
30
2250
100
50
200
30
500
200
150
420
400
180
300
550
200
200
30
650
100
30
300
375
30
200
570
80
180
470
570
2675
1405
875
885
350
2600
2210
900
900
650
3175
1245
150
795
50
50
150
1695
1440
3085
2285
2225
2625
2105
2115
2125
2125
500
245
1830
650
50
175
1740
750
1145
725
775
2160
990
1570
2210
1115
425
1225
1125
35
1000
50
2005
1360
1540
1830
100
2575
150
955
1700
130
2595
400
2100
100
825
1350
2280
3125
860
2280
500
480
1785
1910
200
1135
200
630
1785
600
600
450
450
325
425
1455
940
500
610
1350
485
1390
200
100
790
780
1280
350
260
100
550
970
2125
290
500
200
200
400
150
1895
830
500
400
400
400
325
1100
890
600
25
1100
1320
440
100
1150
425
915
820
1035
550
1065
80
260
175
200
200
620
175
970
795
500
400
1275
560
100
200
180
100
100
100
480
200
275
740
450
600
690
540
200
200
200
530
600
250
290
425
720
290
800
720
505
1420
60
1170
1110
1170
330
890
565
