1.14644e+23
5.7316e+22
1.15e+22
526000000000000000000
200000000000000000000
50280000000000000000
581510000000000000000
50000000000000000000
110000000000000000000
495000000000000000000
1.102e+21
20000000000000000000
290000000000000000000
330000000000000000000
75000000000000000000
25000000000000000000
75000000000000000000
240000000000000000000
510000000000000000000
90000000000000000000
249000000000000000000
46000000000000000000
75000000000000000000
15000000000000000000
1.125e+21
120000000000000000000
210000000000000000000
240000000000000000000
225000000000000000000
25000000000000000000
50000000000000000000
765000000000000000000
665000000000000000000
393000000000000000000
25000000000000000000
315000000000000000000
215000000000000000000
75000000000000000000
345000000000000000000
123000000000000000000
10000000000000000000
100000000000000000000
1.395e+21
510000000000000000000
150000000000000000000
93000000000000000000
325000000000000000000
45000000000000000000
75000000000000000000
320000000000000000000
40000000000000000000
70000000000000000000
215000000000000000000
115000000000000000000
105000000000000000000
305000000000000000000
40000000000000000000
440000000000000000000
355000000000000000000
45000000000000000000
75000000000000000000
210000000000000000000
1.165e+21
935000000000000000000
60000000000000000000
45000000000000000000
275000000000000000000
200000000000000000000
5000000000000000000
335000000000000000000
460000000000000000000
30000000000000000000
90000000000000000000
735000000000000000000
365000000000000000000
40000000000000000000
45000000000000000000
75000000000000000000
90000000000000000000
125000000000000000000
125000000000000000000
350000000000000000000
530000000000000000000
690000000000000000000
1.005e+21
660000000000000000000
525000000000000000000
250000000000000000000
100000000000000000000
835000000000000000000
145000000000000000000
100000000000000000000
280000000000000000000
850000000000000000000
30000000000000000000
80000000000000000000
150000000000000000000
585000000000000000000
100000000000000000000
15000000000000000000
805000000000000000000
140000000000000000000
295000000000000000000
835000000000000000000
75000000000000000000
15000000000000000000
100000000000000000000
660000000000000000000
75000000000000000000
670000000000000000000
90000000000000000000
80000000000000000000
875000000000000000000
135000000000000000000
30000000000000000000
405000000000000000000
500000000000000000000
75000000000000000000
1.14e+21
305000000000000000000
75000000000000000000
560000000000000000000
100000000000000000000
325000000000000000000
75000000000000000000
45000000000000000000
110000000000000000000
45000000000000000000
150000000000000000000
120000000000000000000
75000000000000000000
25000000000000000000
225000000000000000000
369000000000000000000
1.02e+21
795000000000000000000
95000000000000000000
20000000000000000000
315000000000000000000
110000000000000000000
585000000000000000000
365000000000000000000
325000000000000000000
280000000000000000000
35000000000000000000
225000000000000000000
1.055e+21
505000000000000000000
207000000000000000000
470000000000000000000
110000000000000000000
355000000000000000000
640000000000000000000
190000000000000000000
100000000000000000000
150000000000000000000
180000000000000000000
150000000000000000000
75000000000000000000
310000000000000000000
300000000000000000000
175000000000000000000
945000000000000000000
645000000000000000000
75000000000000000000
25000000000000000000
400000000000000000000
515000000000000000000
960000000000000000000
1.28e+21
175000000000000000000
240000000000000000000
300000000000000000000
860000000000000000000
150000000000000000000
130000000000000000000
1.035e+21
220000000000000000000
100000000000000000000
320000000000000000000
715000000000000000000
515000000000000000000
55000000000000000000
335000000000000000000
75000000000000000000
75000000000000000000
65000000000000000000
650000000000000000000
35000000000000000000
325000000000000000000
760000000000000000000
15000000000000000000
200000000000000000000
10000000000000000000
375000000000000000000
1.735e+21
65000000000000000000
15000000000000000000
55000000000000000000
125000000000000000000
585000000000000000000
155000000000000000000
35000000000000000000
95000000000000000000
235000000000000000000
25000000000000000000
60000000000000000000
1.445e+21
5000000000000000000
100000000000000000000
820000000000000000000
465000000000000000000
470000000000000000000
497000000000000000000
75000000000000000000
1.532e+21
30000000000000000000
65000000000000000000
270000000000000000000
205000000000000000000
262000000000000000000
735000000000000000000
60000000000000000000
75000000000000000000
335000000000000000000
375000000000000000000
335000000000000000000
585000000000000000000
65000000000000000000
75000000000000000000
1.045e+21
210000000000000000000
305000000000000000000
100000000000000000000
805000000000000000000
165000000000000000000
735000000000000000000
315000000000000000000
95000000000000000000
395000000000000000000
5000000000000000000
1.317e+21
840000000000000000000
1e+21
190000000000000000000
25000000000000000000
30000000000000000000
925000000000000000000
390000000000000000000
75000000000000000000
80000000000000000000
740000000000000000000
85000000000000000000
120000000000000000000
75000000000000000000
450000000000000000000
610000000000000000000
520000000000000000000
355000000000000000000
640000000000000000000
30000000000000000000
175000000000000000000
100000000000000000000
1.47e+21
135000000000000000000
655000000000000000000
490000000000000000000
475000000000000000000
545000000000000000000
675000000000000000000
725000000000000000000
735000000000000000000
355000000000000000000
15000000000000000000
145000000000000000000
185000000000000000000
250000000000000000000
570000000000000000000
335000000000000000000
25000000000000000000
15000000000000000000
585000000000000000000
660000000000000000000
125000000000000000000
555000000000000000000
65000000000000000000
75000000000000000000
352000000000000000000
400000000000000000000
570000000000000000000
515000000000000000000
165000000000000000000
525000000000000000000
315000000000000000000
250000000000000000000
795000000000000000000
1.035e+21
25000000000000000000
75000000000000000000
125000000000000000000
265000000000000000000
380000000000000000000
105000000000000000000
800000000000000000000
190000000000000000000
75000000000000000000
190000000000000000000
1.985e+21
500000000000000000000
25000000000000000000
1.665e+21
160000000000000000000
45000000000000000000
20000000000000000000
250000000000000000000
75000000000000000000
735000000000000000000
585000000000000000000
1.035e+21
75000000000000000000
120000000000000000000
505000000000000000000
75000000000000000000
40000000000000000000
75000000000000000000
275000000000000000000
90000000000000000000
730000000000000000000
50000000000000000000
820000000000000000000
260000000000000000000
430000000000000000000
150000000000000000000
75000000000000000000
285000000000000000000
585000000000000000000
795000000000000000000
700000000000000000000
440000000000000000000
215000000000000000000
45000000000000000000
470000000000000000000
165000000000000000000
660000000000000000000
195000000000000000000
327000000000000000000
75000000000000000000
585000000000000000000
725000000000000000000
805000000000000000000
730000000000000000000
405000000000000000000
60000000000000000000
45000000000000000000
625000000000000000000
130000000000000000000
75000000000000000000
75000000000000000000
765000000000000000000
1.32e+21
660000000000000000000
820000000000000000000
805000000000000000000
155000000000000000000
755000000000000000000
75000000000000000000
660000000000000000000
20000000000000000000
75000000000000000000
125000000000000000000
585000000000000000000
145000000000000000000
75000000000000000000
1.02e+21
745000000000000000000
290000000000000000000
80000000000000000000
300000000000000000000
660000000000000000000
755000000000000000000
763000000000000000000
395000000000000000000
375000000000000000000
385000000000000000000
602000000000000000000
150000000000000000000
155000000000000000000
350000000000000000000
805000000000000000000
142000000000000000000
60000000000000000000
115000000000000000000
195000000000000000000
35000000000000000000
75000000000000000000
25000000000000000000
200000000000000000000
100000000000000000000
355000000000000000000
25000000000000000000
30000000000000000000
145000000000000000000
735000000000000000000
335000000000000000000
150000000000000000000
75000000000000000000
375000000000000000000
220000000000000000000
805000000000000000000
150000000000000000000
290000000000000000000
25000000000000000000
420000000000000000000
585000000000000000000
1.05e+21
660000000000000000000
1.69e+21
405000000000000000000
60000000000000000000
50000000000000000000
40000000000000000000
100000000000000000000
520000000000000000000
160000000000000000000
440000000000000000000
735000000000000000000
325000000000000000000
145000000000000000000
585000000000000000000
380000000000000000000
295000000000000000000
325000000000000000000
50000000000000000000
140000000000000000000
600000000000000000000
140000000000000000000
555000000000000000000
145000000000000000000
155000000000000000000
50000000000000000000
135000000000000000000
100000000000000000000
75000000000000000000
125000000000000000000
180000000000000000000
915000000000000000000
75000000000000000000
390000000000000000000
210000000000000000000
57000000000000000000
220000000000000000000
185000000000000000000
215000000000000000000
835000000000000000000
800000000000000000000
150000000000000000000
15000000000000000000
280000000000000000000
910000000000000000000
15000000000000000000
115000000000000000000
590000000000000000000
375000000000000000000
85000000000000000000
640000000000000000000
170000000000000000000
310000000000000000000
805000000000000000000
585000000000000000000
95000000000000000000
365000000000000000000
440000000000000000000
210000000000000000000
380000000000000000000
575000000000000000000
75000000000000000000
835000000000000000000
260000000000000000000
155000000000000000000
395000000000000000000
40000000000000000000
130000000000000000000
150000000000000000000
215000000000000000000
185000000000000000000
365000000000000000000
225000000000000000000
750000000000000000000
150000000000000000000
225000000000000000000
805000000000000000000
175000000000000000000
530000000000000000000
155000000000000000000
1.195e+21
75000000000000000000
210000000000000000000
165000000000000000000
735000000000000000000
210000000000000000000
695000000000000000000
215000000000000000000
510000000000000000000
320000000000000000000
290000000000000000000
85000000000000000000
790000000000000000000
200000000000000000000
245000000000000000000
175000000000000000000
50000000000000000000
225000000000000000000
100000000000000000000
1.87e+21
375000000000000000000
735000000000000000000
1.17e+21
150000000000000000000
960000000000000000000
220000000000000000000
565000000000000000000
90000000000000000000
405000000000000000000
65000000000000000000
12000000000000000000
125000000000000000000
180000000000000000000
75000000000000000000
60000000000000000000
75000000000000000000
385000000000000000000
540000000000000000000
250000000000000000000
215000000000000000000
190000000000000000000
400000000000000000000
250000000000000000000
305000000000000000000
1.06e+21
485000000000000000000
380000000000000000000
75000000000000000000
465000000000000000000
280000000000000000000
285000000000000000000
50000000000000000000
35000000000000000000
610000000000000000000
795000000000000000000
15000000000000000000
580000000000000000000
225000000000000000000
250000000000000000000
5000000000000000000
605000000000000000000
380000000000000000000
135000000000000000000
450000000000000000000
1.085e+21
120000000000000000000
75000000000000000000
185000000000000000000
555000000000000000000
660000000000000000000
140000000000000000000
575000000000000000000
555000000000000000000
715000000000000000000
270000000000000000000
145000000000000000000
235000000000000000000
215000000000000000000
865000000000000000000
150000000000000000000
260000000000000000000
135000000000000000000
335000000000000000000
25000000000000000000
225000000000000000000
100000000000000000000
535000000000000000000
435000000000000000000
660000000000000000000
950000000000000000000
100000000000000000000
35000000000000000000
335000000000000000000
90000000000000000000
5000000000000000000
125000000000000000000
185000000000000000000
340000000000000000000
60000000000000000000
740000000000000000000
75000000000000000000
60000000000000000000
100000000000000000000
35000000000000000000
630000000000000000000
25000000000000000000
560000000000000000000
170000000000000000000
375000000000000000000
160000000000000000000
450000000000000000000
235000000000000000000
305000000000000000000
335000000000000000000
75000000000000000000
25000000000000000000
175000000000000000000
20000000000000000000
75000000000000000000
1.57e+21
250000000000000000000
435000000000000000000
230000000000000000000
225000000000000000000
400000000000000000000
190000000000000000000
1.025e+21
15000000000000000000
295000000000000000000
47000000000000000000
235000000000000000000
90000000000000000000
460000000000000000000
150000000000000000000
555000000000000000000
115000000000000000000
430000000000000000000
100000000000000000000
570000000000000000000
560000000000000000000
110000000000000000000
215000000000000000000
305000000000000000000
75000000000000000000
275000000000000000000
525000000000000000000
735000000000000000000
1.1e+21
825000000000000000000
100000000000000000000
155000000000000000000
110000000000000000000
15000000000000000000
225000000000000000000
60000000000000000000
220000000000000000000
35000000000000000000
150000000000000000000
710000000000000000000
225000000000000000000
25000000000000000000
30000000000000000000
75000000000000000000
450000000000000000000
525000000000000000000
660000000000000000000
35000000000000000000
835000000000000000000
315000000000000000000
1.095e+21
175000000000000000000
15000000000000000000
1.155e+21
660000000000000000000
250000000000000000000
435000000000000000000
260000000000000000000
80000000000000000000
895000000000000000000
130000000000000000000
25000000000000000000
130000000000000000000
325000000000000000000
660000000000000000000
225000000000000000000
87000000000000000000
1.085e+21
245000000000000000000
60000000000000000000
305000000000000000000
65000000000000000000
545000000000000000000
150000000000000000000
465000000000000000000
2.905e+21
495000000000000000000
495000000000000000000
400000000000000000000
475000000000000000000
340000000000000000000
5.997e+22
50000000000000000000
770000000000000000000
4.79e+21
2.02e+21
1.425e+21
6.425e+21
1.525e+21
1.925e+21
2.025e+21
1.33e+21
1.07e+21
1.5e+21
2.35e+21
1.5e+21
4.735e+21
2.02e+21
5.23e+21
1.76e+21
870000000000000000000
2.1e+21
50000000000000000000
5000000000000000000
50000000000000000000
50000000000000000000
50000000000000000000
50000000000000000000
50000000000000000000
50000000000000000000
50000000000000000000
50000000000000000000
50000000000000000000
50000000000000000000
50000000000000000000
50000000000000000000
50000000000000000000
50000000000000000000
50000000000000000000
50000000000000000000
50000000000000000000
50000000000000000000
50000000000000000000
50000000000000000000
50000000000000000000
50000000000000000000
50000000000000000000
50000000000000000000
50000000000000000000
50000000000000000000
49000000000000000000
50000000000000000000
50000000000000000000
50000000000000000000
50000000000000000000
50000000000000000000
50000000000000000000
50000000000000000000
50000000000000000000
50000000000000000000
50000000000000000000
50000000000000000000
50000000000000000000
50000000000000000000
50000000000000000000
50000000000000000000
50000000000000000000
50000000000000000000
50000000000000000000
50000000000000000000
50000000000000000000
50000000000000000000
50000000000000000000
50000000000000000000
50000000000000000000
50000000000000000000
50000000000000000000
50000000000000000000
50000000000000000000
50000000000000000000
50000000000000000000
50000000000000000000
50000000000000000000
50000000000000000000
50000000000000000000
50000000000000000000
50000000000000000000
50000000000000000000
50000000000000000000
50000000000000000000
50000000000000000000
50000000000000000000
50000000000000000000
50000000000000000000
50000000000000000000
50000000000000000000
50000000000000000000
50000000000000000000
50000000000000000000
50000000000000000000
50000000000000000000
50000000000000000000
50000000000000000000
50000000000000000000
50000000000000000000
50000000000000000000
50000000000000000000
50000000000000000000
50000000000000000000
50000000000000000000
50000000000000000000
50000000000000000000
50000000000000000000
50000000000000000000
50000000000000000000
50000000000000000000
50000000000000000000
50000000000000000000
50000000000000000000
50000000000000000000
50000000000000000000
50000000000000000000
50000000000000000000
50000000000000000000
50000000000000000000
50000000000000000000
50000000000000000000
50000000000000000000
50000000000000000000
50000000000000000000
50000000000000000000
50000000000000000000
50000000000000000000
50000000000000000000
50000000000000000000
50000000000000000000
50000000000000000000
50000000000000000000
50000000000000000000
50000000000000000000
50000000000000000000
50000000000000000000
50000000000000000000
50000000000000000000
50000000000000000000
50000000000000000000
50000000000000000000
50000000000000000000
50000000000000000000
50000000000000000000
50000000000000000000
50000000000000000000
50000000000000000000
50000000000000000000
50000000000000000000
50000000000000000000
50000000000000000000
50000000000000000000
50000000000000000000
50000000000000000000
50000000000000000000
50000000000000000000
50000000000000000000
50000000000000000000
50000000000000000000
50000000000000000000
50000000000000000000
50000000000000000000
50000000000000000000
50000000000000000000
50000000000000000000
50000000000000000000
50000000000000000000
50000000000000000000
50000000000000000000
50000000000000000000
50000000000000000000
50000000000000000000
50000000000000000000
50000000000000000000
50000000000000000000
50000000000000000000
50000000000000000000
50000000000000000000
50000000000000000000
50000000000000000000
50000000000000000000
50000000000000000000
50000000000000000000
50000000000000000000
50000000000000000000
50000000000000000000
50000000000000000000
50000000000000000000
50000000000000000000
50000000000000000000
50000000000000000000
50000000000000000000
50000000000000000000
50000000000000000000
50000000000000000000
50000000000000000000
50000000000000000000
50000000000000000000
50000000000000000000
50000000000000000000
50000000000000000000
50000000000000000000
50000000000000000000
50000000000000000000
50000000000000000000
50000000000000000000
50000000000000000000
50000000000000000000
50000000000000000000
50000000000000000000
50000000000000000000
50000000000000000000
50000000000000000000
50000000000000000000
50000000000000000000
50000000000000000000
50000000000000000000
50000000000000000000
50000000000000000000
50000000000000000000
35000000000000000000
50000000000000000000
50000000000000000000
50000000000000000000
50000000000000000000
50000000000000000000
50000000000000000000
50000000000000000000
50000000000000000000
50000000000000000000
50000000000000000000
50000000000000000000
50000000000000000000
50000000000000000000
50000000000000000000
50000000000000000000
50000000000000000000
50000000000000000000
50000000000000000000
50000000000000000000
50000000000000000000
50000000000000000000
50000000000000000000
50000000000000000000
50000000000000000000
50000000000000000000
50000000000000000000
50000000000000000000
50000000000000000000
50000000000000000000
50000000000000000000
50000000000000000000
50000000000000000000
50000000000000000000
50000000000000000000
50000000000000000000
50000000000000000000
50000000000000000000
50000000000000000000
50000000000000000000
50000000000000000000
50000000000000000000
50000000000000000000
50000000000000000000
50000000000000000000
50000000000000000000
50000000000000000000
50000000000000000000
50000000000000000000
50000000000000000000
50000000000000000000
50000000000000000000
50000000000000000000
50000000000000000000
50000000000000000000
50000000000000000000
50000000000000000000
50000000000000000000
50000000000000000000
50000000000000000000
50000000000000000000
50000000000000000000
50000000000000000000
50000000000000000000
50000000000000000000
50000000000000000000
50000000000000000000
50000000000000000000
50000000000000000000
50000000000000000000
50000000000000000000
50000000000000000000
50000000000000000000
50000000000000000000
50000000000000000000
50000000000000000000
50000000000000000000
50000000000000000000
50000000000000000000
50000000000000000000
50000000000000000000
50000000000000000000
50000000000000000000
50000000000000000000
50000000000000000000
50000000000000000000
50000000000000000000
50000000000000000000
50000000000000000000
50000000000000000000
50000000000000000000
50000000000000000000
50000000000000000000
50000000000000000000
50000000000000000000
50000000000000000000
50000000000000000000
50000000000000000000
50000000000000000000
50000000000000000000
50000000000000000000
50000000000000000000
50000000000000000000
50000000000000000000
50000000000000000000
50000000000000000000
50000000000000000000
50000000000000000000
50000000000000000000
50000000000000000000
50000000000000000000
50000000000000000000
50000000000000000000
50000000000000000000
50000000000000000000
50000000000000000000
50000000000000000000
50000000000000000000
50000000000000000000
50000000000000000000
50000000000000000000
50000000000000000000
50000000000000000000
50000000000000000000
50000000000000000000
50000000000000000000
50000000000000000000
50000000000000000000
50000000000000000000
50000000000000000000
50000000000000000000
50000000000000000000
50000000000000000000
50000000000000000000
50000000000000000000
50000000000000000000
50000000000000000000
50000000000000000000
50000000000000000000
50000000000000000000
50000000000000000000
50000000000000000000
50000000000000000000
50000000000000000000
50000000000000000000
50000000000000000000
50000000000000000000
50000000000000000000
50000000000000000000
50000000000000000000
50000000000000000000
50000000000000000000
50000000000000000000
50000000000000000000
50000000000000000000
50000000000000000000
50000000000000000000
50000000000000000000
50000000000000000000
50000000000000000000
50000000000000000000
50000000000000000000
50000000000000000000
50000000000000000000
50000000000000000000
50000000000000000000
50000000000000000000
50000000000000000000
50000000000000000000
50000000000000000000
50000000000000000000
50000000000000000000
50000000000000000000
50000000000000000000
50000000000000000000
50000000000000000000
50000000000000000000
50000000000000000000
50000000000000000000
50000000000000000000
50000000000000000000
50000000000000000000
50000000000000000000
50000000000000000000
50000000000000000000
50000000000000000000
50000000000000000000
50000000000000000000
50000000000000000000
50000000000000000000
50000000000000000000
50000000000000000000
50000000000000000000
50000000000000000000
50000000000000000000
50000000000000000000
50000000000000000000
50000000000000000000
50000000000000000000
50000000000000000000
50000000000000000000
50000000000000000000
50000000000000000000
50000000000000000000
50000000000000000000
50000000000000000000
50000000000000000000
50000000000000000000
50000000000000000000
50000000000000000000
50000000000000000000
50000000000000000000
50000000000000000000
50000000000000000000
50000000000000000000
50000000000000000000
50000000000000000000
50000000000000000000
50000000000000000000
50000000000000000000
50000000000000000000
50000000000000000000
50000000000000000000
50000000000000000000
50000000000000000000
50000000000000000000
50000000000000000000
50000000000000000000
50000000000000000000
50000000000000000000
50000000000000000000
50000000000000000000
50000000000000000000
50000000000000000000
50000000000000000000
50000000000000000000
50000000000000000000
50000000000000000000
50000000000000000000
50000000000000000000
50000000000000000000
50000000000000000000
50000000000000000000
50000000000000000000
50000000000000000000
50000000000000000000
50000000000000000000
50000000000000000000
50000000000000000000
50000000000000000000
50000000000000000000
50000000000000000000
50000000000000000000
50000000000000000000
50000000000000000000
50000000000000000000
50000000000000000000
50000000000000000000
50000000000000000000
50000000000000000000
50000000000000000000
50000000000000000000
50000000000000000000
50000000000000000000
50000000000000000000
50000000000000000000
50000000000000000000
50000000000000000000
50000000000000000000
50000000000000000000
50000000000000000000
50000000000000000000
50000000000000000000
50000000000000000000
50000000000000000000
50000000000000000000
50000000000000000000
50000000000000000000
50000000000000000000
50000000000000000000
50000000000000000000
50000000000000000000
50000000000000000000
50000000000000000000
50000000000000000000
50000000000000000000
50000000000000000000
50000000000000000000
50000000000000000000
50000000000000000000
50000000000000000000
50000000000000000000
50000000000000000000
50000000000000000000
50000000000000000000
50000000000000000000
50000000000000000000
50000000000000000000
50000000000000000000
50000000000000000000
50000000000000000000
50000000000000000000
50000000000000000000
50000000000000000000
50000000000000000000
50000000000000000000
50000000000000000000
50000000000000000000
50000000000000000000
50000000000000000000
50000000000000000000
50000000000000000000
50000000000000000000
50000000000000000000
50000000000000000000
50000000000000000000
50000000000000000000
50000000000000000000
50000000000000000000
50000000000000000000
50000000000000000000
50000000000000000000
50000000000000000000
50000000000000000000
50000000000000000000
50000000000000000000
50000000000000000000
50000000000000000000
50000000000000000000
50000000000000000000
50000000000000000000
50000000000000000000
50000000000000000000
50000000000000000000
50000000000000000000
50000000000000000000
50000000000000000000
50000000000000000000
50000000000000000000
50000000000000000000
50000000000000000000
50000000000000000000
50000000000000000000
50000000000000000000
50000000000000000000
50000000000000000000
50000000000000000000
50000000000000000000
50000000000000000000
50000000000000000000
50000000000000000000
50000000000000000000
50000000000000000000
50000000000000000000
50000000000000000000
50000000000000000000
50000000000000000000
50000000000000000000
50000000000000000000
50000000000000000000
50000000000000000000
50000000000000000000
50000000000000000000
50000000000000000000
50000000000000000000
50000000000000000000
50000000000000000000
50000000000000000000
50000000000000000000
50000000000000000000
50000000000000000000
50000000000000000000
50000000000000000000
50000000000000000000
50000000000000000000
50000000000000000000
50000000000000000000
50000000000000000000
50000000000000000000
50000000000000000000
50000000000000000000
50000000000000000000
50000000000000000000
50000000000000000000
50000000000000000000
50000000000000000000
50000000000000000000
50000000000000000000
50000000000000000000
50000000000000000000
50000000000000000000
50000000000000000000
50000000000000000000
50000000000000000000
50000000000000000000
50000000000000000000
50000000000000000000
50000000000000000000
50000000000000000000
50000000000000000000
50000000000000000000
50000000000000000000
50000000000000000000
50000000000000000000
50000000000000000000
50000000000000000000
50000000000000000000
50000000000000000000
50000000000000000000
50000000000000000000
50000000000000000000
50000000000000000000
50000000000000000000
5000000000000000000
50000000000000000000
50000000000000000000
50000000000000000000
50000000000000000000
50000000000000000000
50000000000000000000
50000000000000000000
50000000000000000000
50000000000000000000
50000000000000000000
50000000000000000000
50000000000000000000
50000000000000000000
50000000000000000000
50000000000000000000
50000000000000000000
50000000000000000000
50000000000000000000
50000000000000000000
50000000000000000000
50000000000000000000
50000000000000000000
50000000000000000000
50000000000000000000
50000000000000000000
50000000000000000000
50000000000000000000
50000000000000000000
50000000000000000000
50000000000000000000
50000000000000000000
50000000000000000000
50000000000000000000
50000000000000000000
50000000000000000000
50000000000000000000
50000000000000000000
50000000000000000000
50000000000000000000
50000000000000000000
50000000000000000000
50000000000000000000
50000000000000000000
50000000000000000000
50000000000000000000
50000000000000000000
50000000000000000000
50000000000000000000
50000000000000000000
50000000000000000000
50000000000000000000
50000000000000000000
50000000000000000000
50000000000000000000
50000000000000000000
50000000000000000000
50000000000000000000
50000000000000000000
50000000000000000000
50000000000000000000
50000000000000000000
50000000000000000000
50000000000000000000
50000000000000000000
50000000000000000000
50000000000000000000
50000000000000000000
50000000000000000000
50000000000000000000
50000000000000000000
50000000000000000000
50000000000000000000
50000000000000000000
50000000000000000000
50000000000000000000
50000000000000000000
50000000000000000000
50000000000000000000
50000000000000000000
50000000000000000000
50000000000000000000
50000000000000000000
50000000000000000000
50000000000000000000
50000000000000000000
50000000000000000000
50000000000000000000
50000000000000000000
50000000000000000000
50000000000000000000
50000000000000000000
50000000000000000000
50000000000000000000
50000000000000000000
50000000000000000000
50000000000000000000
50000000000000000000
50000000000000000000
50000000000000000000
50000000000000000000
50000000000000000000
50000000000000000000
50000000000000000000
50000000000000000000
50000000000000000000
50000000000000000000
50000000000000000000
50000000000000000000
50000000000000000000
50000000000000000000
50000000000000000000
50000000000000000000
50000000000000000000
50000000000000000000
50000000000000000000
50000000000000000000
50000000000000000000
50000000000000000000
50000000000000000000
50000000000000000000
50000000000000000000
50000000000000000000
50000000000000000000
50000000000000000000
50000000000000000000
50000000000000000000
50000000000000000000
50000000000000000000
50000000000000000000
50000000000000000000
50000000000000000000
50000000000000000000
50000000000000000000
50000000000000000000
50000000000000000000
50000000000000000000
50000000000000000000
50000000000000000000
50000000000000000000
50000000000000000000
50000000000000000000
50000000000000000000
50000000000000000000
50000000000000000000
50000000000000000000
50000000000000000000
50000000000000000000
50000000000000000000
50000000000000000000
50000000000000000000
50000000000000000000
50000000000000000000
50000000000000000000
50000000000000000000
50000000000000000000
50000000000000000000
50000000000000000000
50000000000000000000
50000000000000000000
12000000000000000000
50000000000000000000
50000000000000000000
50000000000000000000
50000000000000000000
50000000000000000000
50000000000000000000
50000000000000000000
50000000000000000000
50000000000000000000
50000000000000000000
50000000000000000000
50000000000000000000
50000000000000000000
50000000000000000000
50000000000000000000
50000000000000000000
50000000000000000000
50000000000000000000
50000000000000000000
50000000000000000000
50000000000000000000
50000000000000000000
50000000000000000000
50000000000000000000
50000000000000000000
50000000000000000000
50000000000000000000
50000000000000000000
50000000000000000000
50000000000000000000
50000000000000000000
50000000000000000000
50000000000000000000
50000000000000000000
50000000000000000000
50000000000000000000
50000000000000000000
50000000000000000000
50000000000000000000
50000000000000000000
50000000000000000000
50000000000000000000
50000000000000000000
50000000000000000000
50000000000000000000
50000000000000000000
50000000000000000000
50000000000000000000
50000000000000000000
50000000000000000000
50000000000000000000
50000000000000000000
50000000000000000000
50000000000000000000
20000000000000000000
50000000000000000000
50000000000000000000
50000000000000000000
50000000000000000000
50000000000000000000
50000000000000000000
50000000000000000000
50000000000000000000
50000000000000000000
50000000000000000000
50000000000000000000
50000000000000000000
50000000000000000000
50000000000000000000
50000000000000000000
50000000000000000000
50000000000000000000
50000000000000000000
50000000000000000000
50000000000000000000
50000000000000000000
50000000000000000000
50000000000000000000
50000000000000000000
50000000000000000000
50000000000000000000
50000000000000000000
50000000000000000000
50000000000000000000
50000000000000000000
50000000000000000000
50000000000000000000
50000000000000000000
50000000000000000000
50000000000000000000
50000000000000000000
50000000000000000000
50000000000000000000
50000000000000000000
35000000000000000000
50000000000000000000
50000000000000000000
50000000000000000000
50000000000000000000
50000000000000000000
50000000000000000000
50000000000000000000
50000000000000000000
50000000000000000000
50000000000000000000
50000000000000000000
50000000000000000000
50000000000000000000
50000000000000000000
50000000000000000000
50000000000000000000
50000000000000000000
50000000000000000000
50000000000000000000
50000000000000000000
50000000000000000000
50000000000000000000
50000000000000000000
50000000000000000000
50000000000000000000
50000000000000000000
50000000000000000000
50000000000000000000
50000000000000000000
50000000000000000000
50000000000000000000
50000000000000000000
50000000000000000000
50000000000000000000
50000000000000000000
50000000000000000000
50000000000000000000
50000000000000000000
50000000000000000000
50000000000000000000
50000000000000000000
50000000000000000000
50000000000000000000
50000000000000000000
50000000000000000000
50000000000000000000
50000000000000000000
50000000000000000000
50000000000000000000
50000000000000000000
50000000000000000000
40000000000000000000
50000000000000000000
50000000000000000000
50000000000000000000
50000000000000000000
50000000000000000000
50000000000000000000
50000000000000000000
50000000000000000000
50000000000000000000
50000000000000000000
50000000000000000000
50000000000000000000
50000000000000000000
50000000000000000000
50000000000000000000
50000000000000000000
50000000000000000000
35000000000000000000
50000000000000000000
50000000000000000000
50000000000000000000
50000000000000000000
50000000000000000000
35000000000000000000
50000000000000000000
50000000000000000000
50000000000000000000
50000000000000000000
50000000000000000000
50000000000000000000
50000000000000000000
50000000000000000000
50000000000000000000
50000000000000000000
50000000000000000000
50000000000000000000
50000000000000000000
50000000000000000000
50000000000000000000
50000000000000000000
50000000000000000000
50000000000000000000
50000000000000000000
50000000000000000000
50000000000000000000
50000000000000000000
50000000000000000000
50000000000000000000
50000000000000000000
50000000000000000000
50000000000000000000
50000000000000000000
50000000000000000000
50000000000000000000
50000000000000000000
50000000000000000000
50000000000000000000
50000000000000000000
50000000000000000000
50000000000000000000
50000000000000000000
50000000000000000000
50000000000000000000
50000000000000000000
50000000000000000000
50000000000000000000
50000000000000000000
50000000000000000000
5000000000000000000
50000000000000000000
50000000000000000000
50000000000000000000
50000000000000000000
50000000000000000000
50000000000000000000
50000000000000000000
50000000000000000000
50000000000000000000
50000000000000000000
50000000000000000000
50000000000000000000
50000000000000000000
50000000000000000000
50000000000000000000
50000000000000000000
50000000000000000000
50000000000000000000
50000000000000000000
50000000000000000000
50000000000000000000
50000000000000000000
50000000000000000000
50000000000000000000
50000000000000000000
50000000000000000000
50000000000000000000
50000000000000000000
50000000000000000000
50000000000000000000
50000000000000000000
50000000000000000000
50000000000000000000
50000000000000000000
50000000000000000000
50000000000000000000
50000000000000000000
50000000000000000000
50000000000000000000
50000000000000000000
50000000000000000000
50000000000000000000
50000000000000000000
50000000000000000000
50000000000000000000
50000000000000000000
50000000000000000000
50000000000000000000
20000000000000000000
50000000000000000000
50000000000000000000
50000000000000000000
50000000000000000000
50000000000000000000
50000000000000000000
50000000000000000000
50000000000000000000
50000000000000000000
50000000000000000000
50000000000000000000
50000000000000000000
50000000000000000000
50000000000000000000
50000000000000000000
50000000000000000000
50000000000000000000
50000000000000000000
50000000000000000000
50000000000000000000
50000000000000000000
50000000000000000000
50000000000000000000
50000000000000000000
50000000000000000000
50000000000000000000
50000000000000000000
50000000000000000000
50000000000000000000
50000000000000000000
50000000000000000000
50000000000000000000
50000000000000000000
50000000000000000000
15000000000000000000
50000000000000000000
15000000000000000000
50000000000000000000
50000000000000000000
50000000000000000000
20000000000000000000
50000000000000000000
50000000000000000000
50000000000000000000
50000000000000000000
50000000000000000000
50000000000000000000
50000000000000000000
50000000000000000000
50000000000000000000
50000000000000000000
50000000000000000000
50000000000000000000
50000000000000000000
50000000000000000000
50000000000000000000
50000000000000000000
50000000000000000000
50000000000000000000
50000000000000000000
50000000000000000000
50000000000000000000
50000000000000000000
50000000000000000000
50000000000000000000
50000000000000000000
50000000000000000000
50000000000000000000
50000000000000000000
50000000000000000000
50000000000000000000
50000000000000000000
50000000000000000000
50000000000000000000
50000000000000000000
50000000000000000000
50000000000000000000
50000000000000000000
15000000000000000000
50000000000000000000
50000000000000000000
50000000000000000000
50000000000000000000
50000000000000000000
50000000000000000000
50000000000000000000
50000000000000000000
50000000000000000000
50000000000000000000
5000000000000000000
50000000000000000000
40000000000000000000
15000000000000000000
50000000000000000000
50000000000000000000
50000000000000000000
50000000000000000000
50000000000000000000
50000000000000000000
50000000000000000000
50000000000000000000
50000000000000000000
50000000000000000000
20000000000000000000
50000000000000000000
50000000000000000000
50000000000000000000
50000000000000000000
50000000000000000000
50000000000000000000
50000000000000000000
40000000000000000000
50000000000000000000
50000000000000000000
50000000000000000000
50000000000000000000
50000000000000000000
50000000000000000000
50000000000000000000
50000000000000000000
50000000000000000000
50000000000000000000
50000000000000000000
50000000000000000000
50000000000000000000
50000000000000000000
50000000000000000000
50000000000000000000
50000000000000000000
50000000000000000000
50000000000000000000
50000000000000000000
50000000000000000000
50000000000000000000
50000000000000000000
50000000000000000000
50000000000000000000
50000000000000000000
50000000000000000000
50000000000000000000
50000000000000000000
50000000000000000000
50000000000000000000
50000000000000000000
50000000000000000000
50000000000000000000
50000000000000000000
50000000000000000000
50000000000000000000
50000000000000000000
50000000000000000000
50000000000000000000
50000000000000000000
50000000000000000000
50000000000000000000
50000000000000000000
50000000000000000000
50000000000000000000
50000000000000000000
50000000000000000000
50000000000000000000
50000000000000000000
50000000000000000000
50000000000000000000
50000000000000000000
50000000000000000000
50000000000000000000
50000000000000000000
50000000000000000000
50000000000000000000
50000000000000000000
50000000000000000000
50000000000000000000
50000000000000000000
50000000000000000000
50000000000000000000
50000000000000000000
50000000000000000000
50000000000000000000
50000000000000000000
50000000000000000000
50000000000000000000
50000000000000000000
50000000000000000000
50000000000000000000
50000000000000000000
50000000000000000000
50000000000000000000
50000000000000000000
50000000000000000000
50000000000000000000
50000000000000000000
50000000000000000000
50000000000000000000
50000000000000000000
50000000000000000000
50000000000000000000
50000000000000000000
50000000000000000000
50000000000000000000
50000000000000000000
50000000000000000000
50000000000000000000
50000000000000000000
50000000000000000000
50000000000000000000
50000000000000000000
50000000000000000000
50000000000000000000
50000000000000000000
50000000000000000000
50000000000000000000
50000000000000000000
50000000000000000000
50000000000000000000
50000000000000000000
50000000000000000000
50000000000000000000
350000000000000000000
100000000000000000000
130000000000000000000
200000000000000000000
150000000000000000000
530000000000000000000
40000000000000000000
60000000000000000000
400000000000000000000
380000000000000000000
150000000000000000000
300000000000000000000
280000000000000000000
90000000000000000000
70000000000000000000
150000000000000000000
120000000000000000000
45000000000000000000
150000000000000000000
100000000000000000000
200000000000000000000
30000000000000000000
120000000000000000000
50000000000000000000
150000000000000000000
80000000000000000000
865000000000000000000
220000000000000000000
250000000000000000000
1.725e+21
400000000000000000000
200000000000000000000
150000000000000000000
200000000000000000000
150000000000000000000
350000000000000000000
95000000000000000000
1.72e+21
350000000000000000000
50000000000000000000
30000000000000000000
325000000000000000000
80000000000000000000
200000000000000000000
120000000000000000000
230000000000000000000
40000000000000000000
150000000000000000000
250000000000000000000
220000000000000000000
40000000000000000000
150000000000000000000
80000000000000000000
1e+21
40000000000000000000
655000000000000000000
100000000000000000000
50000000000000000000
70000000000000000000
25000000000000000000
50000000000000000000
20000000000000000000
200000000000000000000
125000000000000000000
150000000000000000000
200000000000000000000
150000000000000000000
150000000000000000000
250000000000000000000
40000000000000000000
300000000000000000000
200000000000000000000
70000000000000000000
100000000000000000000
120000000000000000000
50000000000000000000
200000000000000000000
250000000000000000000
125000000000000000000
240000000000000000000
30000000000000000000
300000000000000000000
50000000000000000000
200000000000000000000
200000000000000000000
250000000000000000000
250000000000000000000
200000000000000000000
150000000000000000000
800000000000000000000
550000000000000000000
250000000000000000000
100000000000000000000
120000000000000000000
80000000000000000000
350000000000000000000
350000000000000000000
30000000000000000000
200000000000000000000
300000000000000000000
480000000000000000000
10000000000000000000
120000000000000000000
200000000000000000000
30000000000000000000
465000000000000000000
200000000000000000000
30000000000000000000
50000000000000000000
900000000000000000000
180000000000000000000
150000000000000000000
600000000000000000000
400000000000000000000
115000000000000000000
700000000000000000000
120000000000000000000
600000000000000000000
130000000000000000000
600000000000000000000
175000000000000000000
120000000000000000000
50000000000000000000
950000000000000000000
30000000000000000000
50000000000000000000
30000000000000000000
30000000000000000000
200000000000000000000
120000000000000000000
450000000000000000000
60000000000000000000
120000000000000000000
850000000000000000000
30000000000000000000
50000000000000000000
245000000000000000000
200000000000000000000
120000000000000000000
40000000000000000000
290000000000000000000
30000000000000000000
450000000000000000000
70000000000000000000
750000000000000000000
120000000000000000000
350000000000000000000
70000000000000000000
120000000000000000000
50000000000000000000
120000000000000000000
180000000000000000000
260000000000000000000
400000000000000000000
215000000000000000000
250000000000000000000
470000000000000000000
320000000000000000000
35000000000000000000
200000000000000000000
100000000000000000000
100000000000000000000
350000000000000000000
380000000000000000000
300000000000000000000
200000000000000000000
200000000000000000000
70000000000000000000
50000000000000000000
800000000000000000000
1.025e+21
30000000000000000000
500000000000000000000
30000000000000000000
30000000000000000000
500000000000000000000
115000000000000000000
70000000000000000000
30000000000000000000
150000000000000000000
120000000000000000000
420000000000000000000
200000000000000000000
40000000000000000000
470000000000000000000
150000000000000000000
110000000000000000000
200000000000000000000
200000000000000000000
40000000000000000000
200000000000000000000
100000000000000000000
60000000000000000000
235000000000000000000
180000000000000000000
70000000000000000000
375000000000000000000
120000000000000000000
210000000000000000000
750000000000000000000
150000000000000000000
500000000000000000000
50000000000000000000
30000000000000000000
2.25e+21
100000000000000000000
50000000000000000000
200000000000000000000
30000000000000000000
500000000000000000000
200000000000000000000
150000000000000000000
420000000000000000000
400000000000000000000
180000000000000000000
300000000000000000000
550000000000000000000
200000000000000000000
200000000000000000000
30000000000000000000
650000000000000000000
100000000000000000000
30000000000000000000
300000000000000000000
375000000000000000000
30000000000000000000
200000000000000000000
570000000000000000000
80000000000000000000
180000000000000000000
470000000000000000000
570000000000000000000
2.675e+21
1.405e+21
875000000000000000000
885000000000000000000
350000000000000000000
2.6e+21
2.21e+21
900000000000000000000
900000000000000000000
650000000000000000000
3.175e+21
1.245e+21
150000000000000000000
795000000000000000000
50000000000000000000
50000000000000000000
150000000000000000000
1.695e+21
1.44e+21
3.085e+21
2.285e+21
2.225e+21
2.625e+21
2.105e+21
2.115e+21
2.125e+21
2.125e+21
500000000000000000000
245000000000000000000
1.83e+21
650000000000000000000
50000000000000000000
175000000000000000000
1.74e+21
750000000000000000000
1.145e+21
725000000000000000000
775000000000000000000
2.16e+21
990000000000000000000
1.57e+21
2.21e+21
1.115e+21
425000000000000000000
1.225e+21
1.125e+21
35000000000000000000
1e+21
50000000000000000000
2.005e+21
1.36e+21
1.54e+21
1.83e+21
100000000000000000000
2.575e+21
150000000000000000000
955000000000000000000
1.7e+21
130000000000000000000
2.595e+21
400000000000000000000
2.1e+21
100000000000000000000
825000000000000000000
1.35e+21
2.28e+21
3.125e+21
860000000000000000000
2.28e+21
500000000000000000000
480000000000000000000
1.785e+21
1.91e+21
200000000000000000000
1.135e+21
200000000000000000000
630000000000000000000
1.785e+21
600000000000000000000
600000000000000000000
450000000000000000000
450000000000000000000
325000000000000000000
425000000000000000000
1.455e+21
940000000000000000000
500000000000000000000
610000000000000000000
1.35e+21
485000000000000000000
1.39e+21
200000000000000000000
100000000000000000000
790000000000000000000
780000000000000000000
1.28e+21
350000000000000000000
260000000000000000000
100000000000000000000
550000000000000000000
970000000000000000000
2.125e+21
290000000000000000000
500000000000000000000
200000000000000000000
200000000000000000000
400000000000000000000
150000000000000000000
1.895e+21
830000000000000000000
500000000000000000000
400000000000000000000
400000000000000000000
400000000000000000000
325000000000000000000
1.1e+21
890000000000000000000
600000000000000000000
25000000000000000000
1.1e+21
1.32e+21
440000000000000000000
100000000000000000000
1.15e+21
425000000000000000000
915000000000000000000
820000000000000000000
1.035e+21
550000000000000000000
1.065e+21
80000000000000000000
260000000000000000000
175000000000000000000
200000000000000000000
200000000000000000000
620000000000000000000
175000000000000000000
970000000000000000000
795000000000000000000
500000000000000000000
400000000000000000000
1.275e+21
560000000000000000000
100000000000000000000
200000000000000000000
180000000000000000000
100000000000000000000
100000000000000000000
100000000000000000000
480000000000000000000
200000000000000000000
275000000000000000000
740000000000000000000
450000000000000000000
600000000000000000000
690000000000000000000
540000000000000000000
200000000000000000000
200000000000000000000
200000000000000000000
530000000000000000000
600000000000000000000
250000000000000000000
290000000000000000000
425000000000000000000
720000000000000000000
290000000000000000000
800000000000000000000
720000000000000000000
505000000000000000000
1.42e+21
60000000000000000000
1.17e+21
1.11e+21
1.17e+21
330000000000000000000
890000000000000000000
565000000000000000000
